mZ mA br600 300 0.46204
600 325 0.36253
600 350 0.2028
600 375 0.11102
600 400 0.065284
600 425 0.036079
600 450 0.017931
600 475 0.00858
600 500 0.0047973
600 525 0.003107
600 550 0.0021784
600 575 0.0016071
600 625 0.00095748
600 650 0.00076419
600 675 0.00061953
600 700 0.00050836
600 725 0.00042262
600 750 0.00035459
600 775 0.00030004
600 800 0.00025576
600 825 0.00021961
600 850 0.0001894
600 875 0.00016457
600 900 0.00014338
600 925 0.00012564
600 950 0.00011062
600 1000 8.6647e-05
650 300 0.42995
650 325 0.35888
650 350 0.21679
650 375 0.13124
650 400 0.088348
650 425 0.058835
650 450 0.037297
650 475 0.021889
650 500 0.011772
650 525 0.006217
650 550 0.0037035
650 600 0.0017831
650 625 0.0013379
650 650 0.0010385
650 675 0.00082273
650 700 0.00066366
650 725 0.00054328
650 750 0.00045039
650 775 0.00037734
650 800 0.0003191
650 825 0.0002726
650 850 0.00023412
650 875 0.00020175
650 900 0.00017555
650 925 0.00015318
650 950 0.00013446
650 975 0.00011834
650 1000 0.00010486
700 300 0.38276
700 325 0.33159
700 350 0.21079
700 375 0.13521
700 400 0.097982
700 425 0.071675
700 450 0.051389
700 475 0.035522
700 500 0.023234
700 525 0.014184
700 575 0.004592
700 600 0.0028794
700 625 0.0019863
700 650 0.0014577
700 675 0.0011123
700 700 0.00087323
700 725 0.00070093
700 750 0.0005711
700 775 0.00047202
700 800 0.00039509
700 825 0.0003336
700 850 0.00028404
700 875 0.00024357
700 900 0.00021074
700 925 0.00018302
700 950 0.00015983
700 975 0.00014031
700 1000 0.00012373
750 300 0.33249
750 325 0.29582
750 350 0.19419
750 375 0.12973
750 400 0.098413
750 425 0.076072
750 450 0.058549
750 475 0.044147
750 500 0.032372
750 525 0.022789
750 550 0.015245
750 575 0.0096011
750 600 0.0057431
750 625 0.0034566
750 650 0.0022545
750 675 0.0015953
750 700 0.0011907
750 725 0.00092087
750 750 0.00073308
750 775 0.00059433
750 800 0.00048894
750 825 0.00040796
750 850 0.00034418
750 875 0.00029244
750 900 0.00025059
750 925 0.00021641
750 950 0.00018808
750 975 0.00016436
750 1000 0.00014408
800 300 0.28501
800 325 0.25825
800 350 0.17362
800 375 0.11941
800 400 0.093566
800 425 0.075037
800 450 0.060348
800 475 0.048085
800 500 0.037633
800 525 0.02881
800 550 0.021359
800 575 0.015244
800 600 0.010378
800 625 0.0067201
800 650 0.0041856
800 675 0.002637
800 700 0.0017776
800 725 0.0012865
800 750 0.00097477
800 775 0.00076629
800 800 0.00061549
800 825 0.00050365
800 850 0.00041794
800 875 0.00035147
800 900 0.00029816
800 925 0.00025518
800 950 0.00021988
800 975 0.00019095
800 1000 0.00016686
850 300 0.24262
850 325 0.22303
850 350 0.15262
850 375 0.10713
850 400 0.085944
850 425 0.070912
850 450 0.058802
850 475 0.048548
850 500 0.039697
850 525 0.031985
850 550 0.025245
850 575 0.019453
850 600 0.014549
850 625 0.010495
850 650 0.0072664
850 675 0.0048222
850 700 0.0031077
850 725 0.0020359
850 750 0.0014158
850 775 0.0010431
850 800 0.00080233
850 825 0.00063749
850 850 0.00051733
850 875 0.0004265
850 900 0.00035665
850 925 0.00030164
850 950 0.00025804
850 975 0.00022223
850 1000 0.00019272
900 300 0.20582
900 325 0.19137
900 350 0.13283
900 375 0.094681
900 400 0.077407
900 425 0.065154
900 450 0.055282
900 475 0.046834
900 500 0.039474
900 525 0.032929
900 550 0.027112
900 575 0.021955
900 600 0.017433
900 625 0.013506
900 650 0.01017
900 675 0.0074152
900 700 0.0052032
900 725 0.0035317
900 750 0.0023508
900 775 0.0015908
900 800 0.0011336
900 825 0.00085017
900 850 0.00066201
900 875 0.00053177
900 900 0.00043467
900 925 0.00036216
900 950 0.00030471
900 975 0.0002592
900 1000 0.00022289
950 300 0.1746
950 325 0.1636
950 350 0.1149
950 375 0.082992
950 400 0.068728
950 425 0.058734
950 450 0.050764
950 475 0.043896
950 500 0.037833
950 525 0.03237
950 550 0.027449
950 575 0.022991
950 600 0.019019
950 625 0.015454
950 650 0.012317
950 675 0.0095908
950 700 0.0072532
950 725 0.0053418
950 750 0.0038072
950 775 0.0026386
950 800 0.0018055
950 825 0.0012563
950 850 0.00091555
950 875 0.00069598
950 900 0.00054897
950 925 0.00044416
950 950 0.00036689
950 975 0.00030717
950 1000 0.0002604
1000 300 0.14805
1000 325 0.13976
1000 350 0.099019
1000 375 0.072305
1000 400 0.060508
1000 425 0.052383
1000 450 0.045861
1000 475 0.040307
1000 500 0.035347
1000 525 0.030838
1000 550 0.026721
1000 575 0.022979
1000 600 0.019535
1000 625 0.016414
1000 650 0.013606
1000 675 0.011085
1000 700 0.0088402
1000 725 0.0069132
1000 750 0.0052807
1000 775 0.0039231
1000 800 0.0028349
1000 825 0.0020042
1000 850 0.0014042
1000 875 0.0010006
1000 900 0.00074216
1000 925 0.000572
1000 950 0.00045695
1000 975 0.00037316
1000 1000 0.0003108
1050 300 0.12575
1050 325 0.11948
1050 350 0.085246
1050 375 0.062808
1050 400 0.053031
1050 425 0.046377
1050 450 0.041058
1050 475 0.036494
1050 500 0.032455
1050 525 0.028764
1050 550 0.025349
1050 575 0.022211
1050 600 0.01931
1050 625 0.016624
1050 650 0.014165
1050 675 0.011927
1050 700 0.0098776
1050 725 0.0080668
1050 750 0.0064682
1050 775 0.0050823
1050 800 0.0039038
1050 825 0.0029296
1050 850 0.0021445
1050 875 0.0015426
1050 900 0.0011042
1050 925 0.00080481
1050 950 0.00060614
1050 975 0.00047374
1050 1000 0.00038168
1100 300 0.10704
1100 325 0.10215
1100 350 0.073291
1100 375 0.054447
1100 400 0.046335
1100 425 0.040818
1100 450 0.036437
1100 475 0.032757
1100 500 0.02945
1100 525 0.026426
1100 550 0.023625
1100 575 0.021004
1100 600 0.018574
1100 625 0.016296
1100 650 0.014183
1100 675 0.012227
1100 700 0.010407
1100 725 0.0087702
1100 750 0.007291
1100 775 0.0059682
1100 800 0.0048031
1100 825 0.0037891
1100 850 0.0029285
1100 875 0.0022186
1100 900 0.0016433
1100 925 0.0012012
1100 950 0.00087685
1100 975 0.00065179
1100 1000 0.00049841
1150 300 0.091254
1150 325 0.087472
1150 350 0.063148
1150 375 0.047156
1150 400 0.040404
1150 425 0.035833
1150 450 0.032271
1150 475 0.029198
1150 500 0.026487
1150 525 0.024018
1150 550 0.021712
1150 575 0.019554
1150 600 0.017516
1150 625 0.015602
1150 650 0.013809
1150 675 0.012125
1150 700 0.010526
1150 725 0.0090893
1150 750 0.0077611
1150 775 0.0065468
1150 800 0.0054502
1150 825 0.0044671
1150 850 0.0036075
1150 875 0.0028607
1150 900 0.0022269
1150 925 0.0016996
1150 950 0.0012752
1150 975 0.00094659
1150 1000 0.00070339
1200 300 0.078074
1200 325 0.075024
1200 350 0.054397
1200 375 0.040842
1200 400 0.035214
1200 425 0.031414
1200 450 0.028439
1200 475 0.025931
1200 500 0.023701
1200 525 0.021655
1200 550 0.019768
1200 575 0.017984
1200 600 0.016297
1200 625 0.014689
1200 650 0.013172
1200 675 0.011738
1200 700 0.01037
1200 725 0.0091117
1200 750 0.0079364
1200 775 0.0068459
1200 800 0.0058514
1200 825 0.0049424
1200 925 0.0021842
1200 950 0.001712
1200 1000 0.0010006
1250 325 0.064454
1250 350 0.046936
1250 400 0.030657
1250 425 0.027495
1250 450 0.025033
1250 475 0.022974
1250 500 0.021091
1250 525 0.019434
1250 650 0.012378
1250 750 0.0078866
1250 800 0.006036
1250 850 0.0044587
1250 875 0.0037651
1250 925 0.0025942
1250 950 0.0021097
1300 325 0.055555
1300 350 0.040574
1300 400 0.026705
1300 425 0.024071
1300 450 0.022015
1300 500 0.018769
1300 525 0.017365
1300 550 0.016073
1300 575 0.014853
1300 600 0.013686
1300 650 0.011506
1300 700 0.0094849
1300 725 0.0085555
1300 750 0.0076716
1300 775 0.0068383
1300 800 0.0060518
1300 825 0.0053177
1300 850 0.0046344
1300 875 0.0040045
1300 900 0.0034239
1300 925 0.0029011
1300 975 0.0020063
1300 1000 0.0016363
1350 300 0.049504
1350 325 0.047994
1350 350 0.035144
1350 375 0.026676
1350 400 0.023289
1350 425 0.021081
1350 450 0.019346
1350 475 0.017912
1350 500 0.016641
1350 525 0.015482
1350 550 0.014411
1350 575 0.013392
1350 600 0.012423
1350 650 0.010599
1350 675 0.0097453
1350 700 0.0088959
1350 725 0.0081008
1350 750 0.0073428
1350 775 0.0066226
1350 800 0.0059368
1350 825 0.0052915
1350 850 0.004683
1350 875 0.0041136
1350 900 0.0035882
1350 925 0.0030995
1350 950 0.0026544
1350 975 0.0022523
1400 300 0.042734
1400 350 0.030478
1400 400 0.020323
1400 450 0.017015
1400 475 0.015806
1400 500 0.014746
1400 525 0.013781
1400 550 0.01287
1400 650 0.0097043
1400 675 0.0089841
1400 700 0.0082648
1400 725 0.007589
1400 750 0.006941
1400 825 0.0051649
1400 850 0.0046301
1400 875 0.0041231
1400 900 0.003651
1400 925 0.0032081
1450 300 0.036974
1450 325 0.035972
1450 350 0.026483
1450 375 0.020231
1450 400 0.017755
1450 425 0.016168
1450 450 0.014961
1450 475 0.013938
1450 500 0.013051
1450 525 0.012246
1450 550 0.011499
1450 625 0.0094652
1450 650 0.008836
1450 700 0.0076233
1450 725 0.0070524
1450 750 0.0065003
1450 775 0.0059675
1450 875 0.0040533
1450 900 0.0036342
1450 925 0.0032372
1450 975 0.0025196
1450 1000 0.002199
1500 300 0.032066
1500 325 0.031263
1500 350 0.023061
1500 375 0.017654
1500 400 0.015531
1500 425 0.014187
1500 450 0.013159
1500 475 0.012307
1500 500 0.011556
1500 525 0.010876
1500 550 0.010252
1500 575 0.0096514
1500 600 0.0090859
1500 675 0.0075022
1500 700 0.0069912
1500 725 0.006509
1500 800 0.0051447
1500 850 0.0043139
1500 900 0.0035547
1500 925 0.0032032
1500 950 0.0028712
1500 975 0.0025583
1550 300 0.027863
1550 325 0.027215
1550 375 0.015431
1550 400 0.013611
1550 425 0.01245
1550 450 0.011573
1550 500 0.010226
1550 550 0.0091274
1550 600 0.00815
1550 625 0.0076968
1550 650 0.00725
1550 675 0.0068187
1550 700 0.0063823
1550 750 0.0055766
1550 775 0.0051895
1550 800 0.0048108
1550 875 0.0037572
1550 900 0.0034323
1550 950 0.0028264
1550 975 0.0025467
1550 1000 0.0022826
1600 425 0.010941
1600 450 0.010198
1600 675 0.0061788
1600 750 0.0051249
1600 775 0.0047948
1600 825 0.0041569
1650 325 0.020737
1650 350 0.015381
1650 425 0.0096239
1650 450 0.0089934
1650 725 0.0049771
1650 850 0.0036029
1650 900 0.0031016
1700 300 0.018533
1700 500 0.00711
1700 750 0.0042801
1700 975 0.0023156
1750 400 0.008119
1750 425 0.0074842
1750 475 0.0066331
1750 700 0.0043196
1750 800 0.0034892
1750 825 0.0032924
1750 900 0.002724
1750 925 0.0025439
1750 950 0.0023695
1750 975 0.0022009
1800 300 0.014258
1800 350 0.010412
1800 375 0.0080551
1800 400 0.0071611
1800 450 0.0062008
1800 475 0.0058752
1800 500 0.0055939
1800 525 0.0053426
1800 550 0.0051094
1800 575 0.0048904
1800 600 0.0046816
1800 650 0.0042862
1800 675 0.0040952
1800 700 0.0039024
1800 750 0.0035389
1800 775 0.0033639
1800 800 0.0031906
1800 850 0.0028556
1800 875 0.0026931
1800 925 0.0023763
1800 950 0.0022242
1800 975 0.0020804
1800 1000 0.0019338
1850 300 0.012538
1850 325 0.012314
1850 350 0.0091718
1850 375 0.0071082
1850 425 0.0058434
1850 450 0.0054904
1850 475 0.0052093
1850 500 0.0049694
1850 525 0.0047513
1850 550 0.0045537
1850 575 0.0043659
1850 600 0.0041873
1850 625 0.0040174
1850 700 0.0035207
1850 725 0.0033656
1850 750 0.003212
1850 775 0.0030621
1850 850 0.002624
1850 900 0.002346
1850 925 0.0022109
1850 975 0.0019496
1850 1000 0.0018268
1900 300 0.011044
1900 400 0.00559
1900 425 0.0051728
1900 450 0.0048704
1900 475 0.004624
1900 500 0.0044147
1900 525 0.0042295
1900 600 0.0037461
1900 625 0.0035982
1900 650 0.0034589
1900 675 0.0033201
1900 800 0.0026548
1900 825 0.0025277
1900 850 0.0024052
1900 875 0.0022839
1900 900 0.0021651
1900 925 0.0020484
1900 950 0.0019367
1900 975 0.0018234
1900 1000 0.0017113
1950 300 0.0097436
1950 325 0.0095835
1950 350 0.007148
1950 375 0.0055518
1950 400 0.0049495
1950 425 0.004584
1950 450 0.0043222
1950 475 0.0041059
1950 500 0.0039277
1950 550 0.003621
1950 575 0.0034847
1950 600 0.0033527
1950 625 0.0032269
1950 650 0.0031054
1950 675 0.0029861
1950 700 0.0028635
1950 750 0.0026346
1950 800 0.0024172
1950 850 0.0022002
1950 875 0.0020954
1950 925 0.0018916
1950 975 0.0016969
1950 1000 0.0016005
2000 300 0.0086088
2000 325 0.0084736
2000 350 0.0063247
2000 400 0.0043882
2000 425 0.0040674
2000 450 0.0038365
2000 475 0.0036517
2000 550 0.003232
2000 575 0.0031155
2000 600 0.003003
2000 625 0.0028929
2000 650 0.0027872
2000 675 0.002689
2000 700 0.0025814
2000 725 0.002482
2000 775 0.0022889
2000 800 0.0021956
2000 825 0.0021025
2000 850 0.00201
2000 875 0.0019193
2000 900 0.0018298
2000 925 0.0017453
2000 950 0.0016588
2000 975 0.0015734
2000 1000 0.0014896
2050 300 0.0076181
2050 325 0.0075023
2050 350 0.0056047
2050 375 0.0043598
2050 400 0.0038946
2050 425 0.0036124
2050 450 0.0034119
2050 475 0.0032526
2050 500 0.0031154
2050 525 0.0029959
2050 550 0.002888
2050 575 0.002786
2050 600 0.00269
2050 625 0.0025942
2050 650 0.0025054
2050 675 0.0024174
2050 700 0.0023258
2050 725 0.0022414
2050 750 0.0021584
2050 775 0.002074
2050 800 0.0019932
2050 825 0.001913
2050 850 0.0018338
2050 875 0.0017551
2050 900 0.0016774
2050 925 0.0016034
2050 950 0.0015289
2050 975 0.0014549
2050 1000 0.0013817
2100 300 0.0067511
2100 325 0.0066515
2100 350 0.0049721
2100 375 0.003871
2100 400 0.0034604
2100 425 0.0032124
2100 450 0.0030369
2100 475 0.0028988
2100 500 0.0027776
2100 525 0.0026749
2100 550 0.0025815
2100 575 0.0024926
2100 600 0.0024096
2100 625 0.002329
2100 650 0.00225
2100 675 0.0021741
2100 700 0.0020967
2100 725 0.0020232
2100 750 0.0019509
2100 775 0.0018787
2100 800 0.0018074
2100 825 0.0017384
2100 850 0.0016708
2100 875 0.0016035
2100 900 0.0015352
2100 925 0.0014707
2100 950 0.0014057
2100 975 0.0013418
2100 1000 0.0012782
2150 300 0.00599
2150 325 0.0059048
2150 375 0.0034403
2150 400 0.003079
2150 450 0.002705
2150 475 0.0025827
2150 500 0.0024795
2150 525 0.0023894
2150 550 0.0023081
2150 575 0.0022317
2150 600 0.0021605
2150 625 0.0020907
2150 650 0.0020221
2150 675 0.0019575
2150 700 0.0018875
2150 750 0.0017639
2150 775 0.0017024
2150 800 0.0016403
2150 825 0.0015791
2150 850 0.0015209
2150 875 0.0014627
2150 900 0.0014041
2150 925 0.0013476
2150 950 0.0012901
2150 975 0.0012345
2150 1000 0.0011796
2200 300 0.005322
2200 325 0.0052481
2200 350 0.0039275
2200 375 0.0030618
2200 400 0.0027413
2200 425 0.0025494
2200 450 0.0024119
2200 475 0.0023053
2200 500 0.0022165
2200 525 0.0021362
2200 550 0.0020652
2200 575 0.0019997
2200 600 0.0019371
2200 625 0.0018767
2200 650 0.0018185
2200 675 0.0017617
2200 700 0.0017018
2200 725 0.0016476
2200 750 0.0015936
2200 775 0.0015405
2200 800 0.0014879
2200 825 0.0014355
2200 850 0.0013837
2200 875 0.0013323
2200 900 0.001282
2200 925 0.0012338
2200 950 0.0011833
2200 975 0.0011337
2200 1000 0.001086
2250 300 0.0047327
2250 325 0.0046704
2250 350 0.0034961
2250 375 0.0027273
2250 400 0.0024439
2250 425 0.0022741
2250 450 0.0021534
2250 475 0.0020599
2250 500 0.0019797
2250 525 0.001911
2250 550 0.0018506
2250 575 0.0017925
2250 600 0.0017377
2250 625 0.0016863
2250 650 0.001636
2250 675 0.0015857
2250 700 0.0015343
2250 725 0.0014859
2250 750 0.0014406
2250 775 0.0013943
2250 800 0.0013485
2250 825 0.0013028
2250 850 0.0012569
2250 875 0.0012132
2250 900 0.0011685
2250 925 0.0011262
2250 975 0.0010408
2250 1000 0.00099818
2300 300 0.0042143
2300 325 0.0041606
2300 375 0.0024319
2300 400 0.0021809
2300 425 0.0020305
2300 450 0.0019241
2300 500 0.0017723
2300 525 0.0017123
2300 550 0.0016577
2300 575 0.0016076
2300 600 0.0015606
2300 625 0.0015152
2300 650 0.0014714
2300 675 0.0014282
2300 700 0.0013834
2300 725 0.0013423
2300 750 0.0013017
2300 800 0.0012219
2300 825 0.0011828
2300 850 0.0011431
2300 875 0.0011032
2300 900 0.0010653
2300 925 0.001028
2300 950 0.00099079
2300 975 0.00095419
2300 1000 0.00091592
2350 300 0.0037573
2350 325 0.003711
2350 350 0.0027808
2350 375 0.0021706
2350 400 0.0019482
2350 425 0.0018152
2350 450 0.0017207
2350 475 0.0016475
2350 500 0.0015876
2350 525 0.0015352
2350 550 0.0014865
2350 575 0.0014433
2350 600 0.001402
2350 625 0.0013622
2350 650 0.0013245
2350 675 0.0012874
2350 700 0.0012475
2350 725 0.0012115
2350 750 0.0011756
2350 775 0.0011415
2350 800 0.0011067
2350 825 0.0010726
2350 850 0.001039
2350 875 0.0010045
2350 900 0.00097074
2350 925 0.00093786
2350 950 0.00090549
2350 975 0.00087296
2350 1000 0.00084018
2400 300 0.0033537
2400 325 0.0033128
2400 350 0.0024839
2400 375 0.0019395
2400 400 0.0017419
2400 425 0.0016234
2400 450 0.0015402
2400 475 0.0014754
2400 525 0.0013759
2400 550 0.0013347
2400 575 0.001296
2400 600 0.00126
2400 625 0.0012256
2400 650 0.0011923
2400 675 0.00116
2400 700 0.0011253
2400 725 0.0010943
2400 750 0.0010636
2400 775 0.0010321
2400 825 0.00097275
2400 850 0.00094329
2400 875 0.00091395
2400 900 0.00088396
2400 925 0.00085527
2400 975 0.00079845
2400 1000 0.00077032
2450 300 0.0029963
2450 325 0.0029604
2450 350 0.0022208
2450 375 0.0017349
2450 400 0.0015588
2450 425 0.0014538
2450 450 0.00138
2450 475 0.0013223
2450 500 0.0012758
2450 525 0.0012353
2450 550 0.0011988
2450 600 0.0011333
2450 625 0.001103
2450 650 0.0010738
2450 675 0.0010462
2450 700 0.0010159
2450 725 0.00098844
2450 750 0.00096119
2450 775 0.00093429
2450 800 0.00090854
2450 825 0.00088249
2450 850 0.00085666
2450 875 0.0008309
2450 900 0.00080512
2450 925 0.00077918
2450 950 0.00075431
2450 975 0.00072963
2450 1000 0.00070515
2500 300 0.0026796
2500 325 0.0026486
2500 350 0.0019872
2500 375 0.0015532
2500 400 0.0013959
2500 425 0.0013029
2500 450 0.0012372
2500 475 0.0011867
2500 500 0.0011448
2500 525 0.0011092
2500 575 0.001047
2500 600 0.0010196
2500 625 0.00099294
2500 650 0.00096771
2500 675 0.00094304
2500 700 0.00091694
2500 750 0.00086927
2500 775 0.00084611
2500 800 0.00082274
2500 825 0.0008006
2500 850 0.00077789
2500 875 0.000755
2500 900 0.00073307
2500 925 0.00071015
2500 950 0.00068779
2500 975 0.00066594
2500 1000 0.00064484
